13.1422
15.5612
18.6021
21.8032
24.9801
28.0206
30.7849
33.2181
34.9137
37.1356
15.1124
11.1877
14.0074
16.0562
18.155
20.2974
22.3188
24.0952
25.2343
26.0626
23.7454
25.2337
18.6978
15.631
15.6435
16.5012
17.6642
18.9126
19.9025
20.8071
19.9946
22.0526
21.8344
21.3558
18.8142
16.9949
16.4346
16.6409
17.0878
17.7866
17.5713
19.236
19.6914
20.319
20.1837
19.5409
18.2082
17.0998
16.459
16.5401
16.2596
17.5745
18.1467
18.8743
19.2161
19.348
19.0405
18.4161
17.3777
16.7373
15.7613
16.801
17.3762
18.1051
18.5668
18.8983
18.9507
18.8166
18.2143
17.7053
16.1493
16.7102
16.7852
17.5264
18.3392
18.9027
19.117
19.2016
18.8718
18.7532
17.2948
18.0415
17.5094
17.1692
17.1427
18.1801
19.5516
20.0497
19.7968
19.9192
18.5816
20.0297
19.9233
19.6565
18.6774
17.3143
16.4365
18.4998
21.6373
21.9477
20.1013
22.097
22.425
22.8606
22.7122
21.9838
20.2296
16.9743
12.789
17.7453
26.5502
26.0023
25.5115
25.9423
26.1607
26.2756
26.0812
25.3369
23.2827
17.5642
